wildtype,mutant,hydropathy m-w,molecular mass m-w,polarity m-w,volume m-w,bind_avg,expr_avg
N,D,0.0,1.0,1.0,-3.0,0.03,-0.44
N,E,0.0,15.0,1.0,24.300000000000008,0.0,-0.31
N,N,0.0,0.0,0.0,0.0,0.0,0.0
N,Q,0.0,14.0,0.0,29.70000000000001,0.01,-0.53
N,T,2.8,-13.0,0.0,2.0,0.06,-0.34
N,N,0.0,0.0,0.0,0.0,0.0,-4.63
I,A,-2.7,-42.0,0.0,-78.1,0.0,0.0
I,E,-8.0,16.0,2.0,-28.299999999999986,0.08,0.01
I,H,-7.7,24.0,-1.0,-13.5,0.04,0.05
I,I,0.0,0.0,0.0,0.0,0.0,0.0
I,L,-0.7000000000000002,0.0,0.0,0.0,0.0,-0.03
I,M,-2.6,18.0,0.0,-3.799999999999984,0.0,-0.02
I,N,-8.0,1.0,1.0,-52.6,0.0,0.05
I,P,-6.1,-16.0,0.0,-53.99999999999999,0.06,-0.17
I,R,-9.0,43.0,-1.0,6.700000000000018,0.0,-0.04
I,V,-0.2999999999999998,-14.0,0.0,-26.699999999999992,0.0,0.02
I,I,0.0,0.0,0.0,0.0,0.0,-4.62
T,P,-0.9000000000000001,-4.0,-1.0,-3.3999999999999915,0.03,-0.28
T,Q,-2.8,27.0,0.0,27.70000000000001,0.02,-0.35
T,R,-3.8,55.0,-2.0,57.30000000000001,0.0,-0.54
T,T,0.0,0.0,0.0,0.0,0.0,0.0
T,T,0.0,0.0,0.0,0.0,0.0,-4.61
N,D,0.0,1.0,1.0,-3.0,0.07,-0.04
N,E,0.0,15.0,1.0,24.300000000000008,0.01,-0.05
N,Q,0.0,14.0,0.0,29.70000000000001,0.01,-0.08
N,R,-1.0,42.0,-2.0,59.30000000000001,0.0,-0.12
L,A,-2.0,-42.0,0.0,-78.1,0.04,-0.01
L,D,-7.3,2.0,2.0,-55.6,0.0,-0.09
L,E,-7.3,16.0,2.0,-28.299999999999986,0.06,0.11
L,L,0.0,0.0,0.0,0.0,0.0,0.0
L,M,-1.9,18.0,0.0,-3.799999999999984,0.01,-0.15
L,N,-7.3,1.0,1.0,-52.6,0.03,-0.08
L,P,-5.4,-16.0,0.0,-53.99999999999999,0.06,0.09
L,S,-4.6,-26.0,1.0,-77.69999999999997,0.01,-0.08
L,T,-4.5,-12.0,1.0,-50.6,0.02,-0.08
L,L,0.0,0.0,0.0,0.0,0.0,-4.63
C,C,0.0,0.0,0.0,0.0,0.0,0.0
C,C,0.0,0.0,0.0,0.0,0.0,-4.64
P,D,-1.9,18.0,2.0,-1.6000000000000083,0.06,0.29
P,P,0.0,0.0,0.0,0.0,0.0,0.0
P,P,0.0,0.0,0.0,0.0,0.0,-4.62
F,F,0.0,0.0,0.0,0.0,0.0,0.0
F,W,-3.7,39.0,0.0,37.90000000000001,0.04,-0.06
F,F,0.0,0.0,0.0,0.0,0.0,-4.6
G,A,2.2,14.0,-1.0,28.5,0.0,0.01
G,D,-3.1,58.0,1.0,50.99999999999999,0.06,0.3
G,G,0.0,0.0,0.0,0.0,0.0,0.0
G,H,-2.8000000000000003,80.0,-2.0,93.1,0.01,0.15
G,N,-3.1,57.0,0.0,53.99999999999999,0.02,0.11
G,S,-0.4,30.0,0.0,28.9,0.02,0.08
G,G,0.0,0.0,0.0,0.0,0.0,-4.61
E,D,0.0,-14.0,0.0,-27.300000000000008,0.01,-0.11
E,E,0.0,0.0,0.0,0.0,0.0,0.0
E,E,0.0,0.0,0.0,0.0,0.0,-4.63
V,I,0.2999999999999998,14.0,0.0,26.699999999999992,0.02,0.21
V,V,0.0,0.0,0.0,0.0,0.0,0.0
V,V,0.0,0.0,0.0,0.0,0.0,-4.02
N,N,0.0,0.0,0.0,0.0,0.0,-4.65
A,A,0.0,0.0,0.0,0.0,0.0,0.0
A,A,0.0,0.0,0.0,0.0,0.0,-4.62
T,T,0.0,0.0,0.0,0.0,0.0,-4.59
R,D,1.0,-41.0,3.0,-62.30000000000001,0.01,-0.02
R,E,1.0,-27.0,3.0,-35.0,0.0,0.08
R,H,1.2999999999999998,-19.0,0.0,-20.200000000000017,0.08,0.03
R,N,1.0,-42.0,2.0,-59.30000000000001,0.03,0.15
R,R,0.0,0.0,0.0,0.0,0.0,0.0
R,S,3.7,-69.0,2.0,-84.4,0.04,0.02
R,T,3.8,-55.0,2.0,-57.30000000000001,0.06,0.15
R,V,8.7,-57.0,1.0,-33.40000000000001,0.06,0.01
R,Y,3.2,7.0,2.0,20.19999999999999,0.07,-0.12
R,R,0.0,0.0,0.0,0.0,0.0,-4.62
F,W,-3.7,39.0,0.0,37.90000000000001,0.0,0.06
F,F,0.0,0.0,0.0,0.0,0.0,-4.59
A,H,-5.0,66.0,-1.0,64.6,0.0,-0.28
A,N,-5.3,43.0,1.0,25.5,0.0,-0.11
A,S,-2.6,16.0,1.0,0.4000000000000057,0.01,-0.17
S,S,0.0,0.0,0.0,0.0,0.0,0.0
S,S,0.0,0.0,0.0,0.0,0.0,-4.61
V,V,0.0,0.0,0.0,0.0,0.0,-3.09
Y,Y,0.0,0.0,0.0,0.0,0.0,0.0
Y,Y,0.0,0.0,0.0,0.0,0.0,-4.6
W,W,0.0,0.0,0.0,0.0,0.0,0.0
W,W,0.0,0.0,0.0,0.0,0.0,-4.62
N,E,0.0,15.0,1.0,24.300000000000008,0.0,0.64
N,K,-0.3999999999999999,14.0,-2.0,54.5,0.03,0.21
N,Q,0.0,14.0,0.0,29.70000000000001,0.0,0.52
N,R,-1.0,42.0,-2.0,59.30000000000001,0.05,0.14
N,S,2.7,-27.0,0.0,-25.099999999999994,0.04,0.17
N,T,2.8,-13.0,0.0,2.0,0.02,0.02
N,N,0.0,0.0,0.0,0.0,0.0,-4.38
K,K,0.0,0.0,0.0,0.0,0.0,0.0
K,R,-0.6000000000000001,28.0,0.0,4.800000000000012,0.03,0.21
K,T,3.2,-27.0,2.0,-52.5,0.04,0.14
K,V,8.1,-29.0,1.0,-28.599999999999994,0.01,0.04
K,K,0.0,0.0,0.0,0.0,0.0,-4.59
R,E,1.0,-27.0,3.0,-35.0,0.01,-0.02
R,K,0.6000000000000001,-28.0,0.0,-4.800000000000012,0.05,0.18
R,V,8.7,-57.0,1.0,-33.40000000000001,0.01,0.01
R,R,0.0,0.0,0.0,0.0,0.0,-4.6
I,F,-1.7000000000000002,34.0,0.0,23.20000000000001,0.1,0.72
I,L,-0.7000000000000002,0.0,0.0,0.0,0.0,0.14
I,W,-5.4,73.0,0.0,61.100000000000016,0.07,0.41
I,I,0.0,0.0,0.0,0.0,0.0,-4.57
S,N,-2.7,27.0,0.0,25.099999999999994,0.04,-0.03
S,Q,-2.7,41.0,0.0,54.80000000000001,0.08,0.05
S,S,0.0,0.0,0.0,0.0,0.0,-4.58
N,N,0.0,0.0,0.0,0.0,0.0,-4.58
C,C,0.0,0.0,0.0,0.0,0.0,-4.52
V,I,0.2999999999999998,14.0,0.0,26.699999999999992,0.04,-0.12
V,M,-2.3000000000000003,32.0,0.0,22.90000000000001,0.03,-0.18
V,R,-8.7,57.0,-1.0,33.40000000000001,0.0,-0.03
V,T,-4.9,2.0,1.0,-23.90000000000001,0.08,0.33
V,W,-5.1000000000000005,87.0,0.0,87.80000000000004,0.0,0.03
V,Y,-5.5,64.0,1.0,53.6,0.0,0.26
V,V,0.0,0.0,0.0,0.0,0.0,-4.57
A,W,-2.7,115.0,0.0,139.20000000000002,0.06,0.25
A,A,0.0,0.0,0.0,0.0,0.0,-4.6
D,D,0.0,0.0,0.0,0.0,0.0,0.0
D,D,0.0,0.0,0.0,0.0,0.0,-4.54
Y,F,4.1,-16.0,-1.0,-3.6999999999999886,0.0,0.48
Y,L,5.1,-50.0,-1.0,-26.90000000000001,0.0,0.3
Y,M,3.2,-32.0,-1.0,-30.699999999999992,0.03,0.1
Y,Y,0.0,0.0,0.0,0.0,0.0,-4.58
S,D,-2.7,28.0,1.0,22.099999999999994,0.05,0.22
S,E,-2.7,42.0,1.0,49.40000000000001,0.02,0.12
S,G,0.4,-30.0,0.0,-28.9,0.0,-0.11
S,H,-2.4000000000000004,50.0,-2.0,64.19999999999999,0.03,-0.53
S,K,-3.1,41.0,-2.0,79.6,0.0,-0.04
S,N,-2.7,27.0,0.0,25.099999999999994,0.08,0.05
S,Q,-2.7,41.0,0.0,54.80000000000001,0.01,0.03
S,S,0.0,0.0,0.0,0.0,0.0,-4.59
V,A,-2.4000000000000004,-28.0,0.0,-51.40000000000001,0.11,0.46
V,E,-7.7,30.0,2.0,-1.5999999999999943,0.02,0.31
V,F,-1.4000000000000004,48.0,0.0,49.90000000000001,0.07,0.74
V,H,-7.4,38.0,-1.0,13.199999999999989,0.02,0.08
V,K,-8.1,29.0,-1.0,28.599999999999994,0.05,0.27
V,L,-0.4000000000000004,14.0,0.0,26.699999999999992,0.02,0.15
V,M,-2.3000000000000003,32.0,0.0,22.90000000000001,0.04,0.21
V,N,-7.7,15.0,1.0,-25.90000000000001,0.02,0.08
V,Q,-7.7,29.0,1.0,3.8000000000000114,0.02,0.28
V,S,-5.0,-12.0,1.0,-51.0,0.02,0.3
V,W,-5.1000000000000005,87.0,0.0,87.80000000000004,0.14,0.28
V,V,0.0,0.0,0.0,0.0,0.0,-4.6
L,L,0.0,0.0,0.0,0.0,0.0,-4.59
Y,I,5.8,-50.0,-1.0,-26.90000000000001,0.04,0.12
Y,L,5.1,-50.0,-1.0,-26.90000000000001,0.05,0.31
Y,M,3.2,-32.0,-1.0,-30.699999999999992,0.06,0.36
Y,Q,-2.2,-35.0,0.0,-49.79999999999998,0.01,0.11
Y,T,0.6000000000000001,-62.0,0.0,-77.5,0.02,0.18
Y,V,5.5,-64.0,-1.0,-53.6,0.0,0.21
N,E,0.0,15.0,1.0,24.300000000000008,0.0,-0.19
N,Q,0.0,14.0,0.0,29.70000000000001,0.02,-0.29
N,N,0.0,0.0,0.0,0.0,0.0,-4.55
S,D,-2.7,28.0,1.0,22.099999999999994,0.01,-0.09
A,E,-5.3,58.0,2.0,49.80000000000001,0.01,0.08
A,G,-2.2,-14.0,1.0,-28.5,0.0,-0.01
A,R,-6.3,85.0,-1.0,84.80000000000003,0.03,0.05
A,A,0.0,0.0,0.0,0.0,0.0,-4.59
S,M,2.7,44.0,-1.0,73.9,0.01,-0.06
S,Q,-2.7,41.0,0.0,54.80000000000001,0.05,0.12
S,T,0.10000000000000007,14.0,0.0,27.099999999999994,0.0,0.05
S,S,0.0,0.0,0.0,0.0,0.0,-4.57
T,T,0.0,0.0,0.0,0.0,0.0,-4.51
F,F,0.0,0.0,0.0,0.0,0.0,-4.61
K,R,-0.6000000000000001,28.0,0.0,4.800000000000012,0.08,0.16
K,K,0.0,0.0,0.0,0.0,0.0,-4.53
C,C,0.0,0.0,0.0,0.0,0.0,-4.56
Y,Y,0.0,0.0,0.0,0.0,0.0,-4.57
G,G,0.0,0.0,0.0,0.0,0.0,-4.55
V,I,0.2999999999999998,14.0,0.0,26.699999999999992,0.0,-0.07
V,V,0.0,0.0,0.0,0.0,0.0,-4.37
S,D,-2.7,28.0,1.0,22.099999999999994,0.02,0.36
S,E,-2.7,42.0,1.0,49.40000000000001,0.09,0.19
S,I,5.3,26.0,-1.0,77.69999999999997,0.05,-0.16
S,K,-3.1,41.0,-2.0,79.6,0.01,-0.09
S,N,-2.7,27.0,0.0,25.099999999999994,0.0,0.22
S,T,0.10000000000000007,14.0,0.0,27.099999999999994,0.06,-0.06
S,S,0.0,0.0,0.0,0.0,0.0,-4.35
P,A,3.4000000000000004,-26.0,0.0,-24.10000000000001,0.01,0.03
P,F,4.4,50.0,0.0,77.2,0.02,-0.43
P,I,6.1,16.0,0.0,53.99999999999999,0.02,-0.07
P,K,-2.3,31.0,-1.0,55.89999999999999,0.04,0.18
P,L,5.4,16.0,0.0,53.99999999999999,0.01,-0.03
P,Q,-1.9,31.0,1.0,31.10000000000001,0.03,-0.1
P,R,-2.9,59.0,-1.0,60.7,0.03,-0.02
P,V,5.8000000000000025,2.0,0.0,27.3,0.03,-0.11
P,W,0.7000000000000001,89.0,0.0,115.1,0.03,-0.11
P,P,0.0,0.0,0.0,0.0,0.0,-4.56
T,A,2.5,-30.0,-1.0,-27.5,0.0,-0.03
T,E,-2.8,28.0,1.0,22.300000000000008,0.06,0.28
T,H,-2.5,36.0,-2.0,37.1,0.01,-0.02
T,M,2.6,30.0,-1.0,46.80000000000001,0.01,-0.08
T,N,-2.8,13.0,0.0,-2.0,0.01,0.03
T,Q,-2.8,27.0,0.0,27.70000000000001,0.03,0.03
T,R,-3.8,55.0,-2.0,57.30000000000001,0.19,-0.02
T,Y,-0.6000000000000001,62.0,0.0,77.5,0.0,-0.02
T,T,0.0,0.0,0.0,0.0,0.0,-4.54
K,E,0.3999999999999999,1.0,3.0,-30.199999999999992,0.02,0.18
K,H,0.6999999999999997,9.0,0.0,-15.400000000000004,0.01,-0.12
K,N,0.3999999999999999,-14.0,2.0,-54.5,0.04,-0.13
K,Q,0.3999999999999999,0.0,2.0,-24.799999999999986,0.01,0.09
K,S,3.1,-41.0,2.0,-79.6,0.04,-0.04
K,K,0.0,0.0,0.0,0.0,0.0,-4.57
L,L,0.0,0.0,0.0,0.0,0.0,-4.57
N,D,0.0,1.0,1.0,-3.0,0.03,-0.12
N,N,0.0,0.0,0.0,0.0,0.0,-4.39
D,E,0.0,14.0,0.0,27.300000000000008,0.03,0.11
D,S,2.7,-28.0,-1.0,-22.099999999999994,0.04,-0.07
D,D,0.0,0.0,0.0,0.0,0.0,-4.58
L,M,-1.9,18.0,0.0,-3.799999999999984,0.02,0.03
L,Y,-5.1,50.0,1.0,26.90000000000001,0.01,0.2
L,L,0.0,0.0,0.0,0.0,0.0,-4.6
F,V,1.4000000000000004,-48.0,0.0,-49.90000000000001,0.0,0.01
F,W,-3.7,39.0,0.0,37.90000000000001,0.02,0.26
F,Y,-4.1,16.0,1.0,3.6999999999999886,0.02,-0.04
F,F,0.0,0.0,0.0,0.0,0.0,-4.58
T,A,2.5,-30.0,-1.0,-27.5,0.03,-0.11
T,S,-0.10000000000000007,-14.0,0.0,-27.099999999999994,0.0,-0.05
T,T,0.0,0.0,0.0,0.0,0.0,-4.56
N,A,5.3,-43.0,-1.0,-25.5,0.01,-0.01
N,H,0.2999999999999998,23.0,-2.0,39.1,0.0,-0.02
N,S,2.7,-27.0,0.0,-25.099999999999994,0.01,-0.07
V,I,0.2999999999999998,14.0,0.0,26.699999999999992,0.0,0.06
V,M,-2.3000000000000003,32.0,0.0,22.90000000000001,0.04,-0.26
V,V,0.0,0.0,0.0,0.0,0.0,-4.58
Y,Y,0.0,0.0,0.0,0.0,0.0,-4.51
A,E,-5.3,58.0,2.0,49.80000000000001,0.0,0.0
A,K,-5.7,57.0,-1.0,80.0,0.0,0.0
A,M,0.09999999999999988,60.0,0.0,74.30000000000003,0.0,0.0
A,Q,-5.3,57.0,1.0,55.20000000000002,0.0,0.0
A,W,-2.7,115.0,0.0,139.20000000000002,0.0,0.0
D,D,0.0,0.0,0.0,0.0,0.0,-4.59
S,S,0.0,0.0,0.0,0.0,0.0,-4.56
I,V,-0.2999999999999998,-14.0,0.0,-26.699999999999992,0.01,0.1
I,I,0.0,0.0,0.0,0.0,0.0,-4.56
R,R,0.0,0.0,0.0,0.0,0.0,-4.55
G,G,0.0,0.0,0.0,0.0,0.0,-4.15
D,S,2.7,-28.0,-1.0,-22.099999999999994,0.01,-0.37
D,D,0.0,0.0,0.0,0.0,0.0,-3.74
E,H,0.2999999999999998,8.0,-3.0,14.799999999999983,0.0,0.07
E,Q,0.0,-1.0,-1.0,5.400000000000006,0.07,0.04
E,E,0.0,0.0,0.0,0.0,0.0,-4.56
V,V,0.0,0.0,0.0,0.0,0.0,-4.53
R,K,0.6000000000000001,-28.0,0.0,-4.800000000000012,0.0,0.06
R,R,0.0,0.0,0.0,0.0,0.0,-3.49
Q,Q,0.0,0.0,0.0,0.0,0.0,0.0
Q,Q,0.0,0.0,0.0,0.0,0.0,-4.2
I,I,0.0,0.0,0.0,0.0,0.0,-4.52
A,A,0.0,0.0,0.0,0.0,0.0,-4.55
P,P,0.0,0.0,0.0,0.0,0.0,-4.58
G,G,0.0,0.0,0.0,0.0,0.0,-4.56
Q,A,5.3,-57.0,-1.0,-55.20000000000002,0.16,0.3
Q,M,5.4,3.0,-1.0,19.099999999999994,0.04,-0.06
Q,S,2.7,-41.0,0.0,-54.80000000000001,0.0,-0.05
Q,T,2.8,-27.0,0.0,-27.70000000000001,0.01,-0.12
Q,V,7.7,-29.0,-1.0,-3.8000000000000114,0.01,-0.35
Q,Q,0.0,0.0,0.0,0.0,0.0,-4.56
T,H,-2.5,36.0,-2.0,37.1,0.05,0.13
T,K,-3.2,27.0,-2.0,52.5,0.0,-0.09
T,R,-3.8,55.0,-2.0,57.30000000000001,0.05,0.02
T,S,-0.10000000000000007,-14.0,0.0,-27.099999999999994,0.01,-0.03
T,T,0.0,0.0,0.0,0.0,0.0,-4.57
G,G,0.0,0.0,0.0,0.0,0.0,-4.54
K,K,0.0,0.0,0.0,0.0,0.0,-4.58
I,I,0.0,0.0,0.0,0.0,0.0,-4.61
A,A,0.0,0.0,0.0,0.0,0.0,-4.56
D,D,0.0,0.0,0.0,0.0,0.0,-4.57
Y,Y,0.0,0.0,0.0,0.0,0.0,-4.56
L,L,0.0,0.0,0.0,0.0,0.0,-4.58
D,A,5.3,-44.0,-2.0,-22.5,0.04,-0.37
D,E,0.0,14.0,0.0,27.300000000000008,0.02,-0.27
D,H,0.2999999999999998,22.0,-3.0,42.1,0.0,-0.42
D,L,7.3,-2.0,-2.0,55.6,0.0,-0.17
D,N,0.0,-1.0,-1.0,3.0,0.0,-0.24
D,N,0.0,-1.0,-1.0,3.0,0.01,0.18
D,D,0.0,0.0,0.0,0.0,0.0,-4.56
F,F,0.0,0.0,0.0,0.0,0.0,-4.56
T,C,3.2,2.0,0.0,-7.599999999999994,0.0,-0.06
T,F,3.5,46.0,-1.0,73.80000000000003,0.03,0.02
T,I,5.2,12.0,-1.0,50.6,0.03,0.07
T,K,-3.2,27.0,-2.0,52.5,0.03,-0.21
T,L,4.5,12.0,-1.0,50.6,0.01,-0.03
T,M,2.6,30.0,-1.0,46.80000000000001,0.03,-0.01
T,R,-3.8,55.0,-2.0,57.30000000000001,0.0,-0.14
T,Y,-0.6000000000000001,62.0,0.0,77.5,0.0,-0.06
C,C,0.0,0.0,0.0,0.0,0.0,-4.57
I,F,-1.7000000000000002,34.0,0.0,23.20000000000001,0.03,0.16
A,A,0.0,0.0,0.0,0.0,0.0,-4.57
W,W,0.0,0.0,0.0,0.0,0.0,-4.56
N,N,0.0,0.0,0.0,0.0,0.0,-4.56
S,S,0.0,0.0,0.0,0.0,0.0,-4.36
N,K,-0.3999999999999999,14.0,-2.0,54.5,0.04,-0.35
N,N,0.0,0.0,0.0,0.0,0.0,-3.24
N,H,0.2999999999999998,23.0,-2.0,39.1,0.02,-0.07
N,K,-0.3999999999999999,14.0,-2.0,54.5,0.07,-0.12
N,M,5.4,17.0,-1.0,48.80000000000001,0.0,-0.24
N,S,2.7,-27.0,0.0,-25.099999999999994,0.04,-0.07
L,I,0.7000000000000002,0.0,0.0,0.0,0.02,0.25
L,V,0.4000000000000004,-14.0,0.0,-26.699999999999992,0.03,0.15
L,L,0.0,0.0,0.0,0.0,0.0,-3.55
D,D,0.0,0.0,0.0,0.0,0.0,-4.53
K,Q,0.3999999999999999,0.0,2.0,-24.799999999999986,0.01,-0.09
K,K,0.0,0.0,0.0,0.0,0.0,-4.56
V,K,-8.1,29.0,-1.0,28.599999999999994,0.02,0.03
V,P,-5.8000000000000025,-2.0,0.0,-27.3,0.03,0.05
G,G,0.0,0.0,0.0,0.0,0.0,-4.59
Y,Y,0.0,0.0,0.0,0.0,0.0,-4.55
N,A,5.3,-43.0,-1.0,-25.5,0.0,-0.11
N,K,-0.3999999999999999,14.0,-2.0,54.5,0.04,-0.01
N,Q,0.0,14.0,0.0,29.70000000000001,0.02,0.04
N,N,0.0,0.0,0.0,0.0,0.0,-4.52
L,A,-2.0,-42.0,0.0,-78.1,0.05,0.03
L,E,-7.3,16.0,2.0,-28.299999999999986,0.02,0.08
L,G,-4.2,-56.0,1.0,-106.6,0.02,0.02
L,H,-7.0,24.0,-1.0,-13.5,0.0,0.17
L,I,0.7000000000000002,0.0,0.0,0.0,0.0,-0.42
L,K,-7.6999999999999975,15.0,-1.0,1.9000000000000057,0.09,0.58
L,M,-1.9,18.0,0.0,-3.799999999999984,0.06,0.16
L,N,-7.3,1.0,1.0,-52.6,0.01,-0.13
L,Q,-7.3,15.0,1.0,-22.899999999999977,0.07,0.27
L,R,-8.3,43.0,-1.0,6.700000000000018,0.02,0.32
L,S,-4.6,-26.0,1.0,-77.69999999999997,0.03,0.4
L,T,-4.5,-12.0,1.0,-50.6,0.03,0.09
L,V,0.4000000000000004,-14.0,0.0,-26.699999999999992,0.02,-0.1
L,L,0.0,0.0,0.0,0.0,0.0,-4.55
Y,F,4.1,-16.0,-1.0,-3.6999999999999886,0.25,-0.08
Y,K,-2.6,-35.0,-2.0,-25.0,0.08,-0.23
R,R,0.0,0.0,0.0,0.0,0.0,-4.58
L,M,-1.9,18.0,0.0,-3.799999999999984,0.05,0.31
L,L,0.0,0.0,0.0,0.0,0.0,-4.43
F,F,0.0,0.0,0.0,0.0,0.0,-3.89
K,D,0.3999999999999999,-13.0,3.0,-57.5,0.09,-0.06
K,E,0.3999999999999999,1.0,3.0,-30.199999999999992,0.06,-0.08
K,H,0.6999999999999997,9.0,0.0,-15.400000000000004,0.0,-0.15
K,P,2.3,-31.0,1.0,-55.89999999999999,0.03,-0.17
K,Q,0.3999999999999999,0.0,2.0,-24.799999999999986,0.0,-0.28
K,T,3.2,-27.0,2.0,-52.5,0.0,-0.14
S,D,-2.7,28.0,1.0,22.099999999999994,0.01,0.0
S,E,-2.7,42.0,1.0,49.40000000000001,0.01,0.11
S,G,0.4,-30.0,0.0,-28.9,0.05,-0.16
S,N,-2.7,27.0,0.0,25.099999999999994,0.03,0.01
S,T,0.10000000000000007,14.0,0.0,27.099999999999994,0.01,0.09
S,V,5.0,12.0,-1.0,51.0,0.0,-0.19
N,A,5.3,-43.0,-1.0,-25.5,0.03,0.02
N,H,0.2999999999999998,23.0,-2.0,39.1,0.02,-0.02
N,I,8.0,-1.0,-1.0,52.6,0.02,-0.08
N,K,-0.3999999999999999,14.0,-2.0,54.5,0.09,0.16
N,Q,0.0,14.0,0.0,29.70000000000001,0.02,-0.15
N,R,-1.0,42.0,-2.0,59.30000000000001,0.06,0.09
N,V,7.7,-15.0,-1.0,25.90000000000001,0.05,-0.08
P,P,0.0,0.0,0.0,0.0,0.0,-4.57
E,E,0.0,0.0,0.0,0.0,0.0,-4.58
D,D,0.0,0.0,0.0,0.0,0.0,-4.31
I,M,-2.6,18.0,0.0,-3.799999999999984,0.07,-0.19
I,Q,-8.0,15.0,1.0,-22.899999999999977,0.0,-0.26
I,I,0.0,0.0,0.0,0.0,0.0,-4.53
S,T,0.10000000000000007,14.0,0.0,27.099999999999994,0.03,-0.11
T,E,-2.8,28.0,1.0,22.300000000000008,0.01,-0.07
T,Q,-2.8,27.0,0.0,27.70000000000001,0.03,-0.08
E,D,0.0,-14.0,0.0,-27.300000000000008,0.01,0.05
E,E,0.0,0.0,0.0,0.0,0.0,-4.57
I,M,-2.6,18.0,0.0,-3.799999999999984,0.02,-0.2
Q,Q,0.0,0.0,0.0,0.0,0.0,-4.51
A,A,0.0,0.0,0.0,0.0,0.0,-4.4
G,G,0.0,0.0,0.0,0.0,0.0,-4.58
S,D,-2.7,28.0,1.0,22.099999999999994,0.09,0.12
S,K,-3.1,41.0,-2.0,79.6,0.03,-0.26
S,N,-2.7,27.0,0.0,25.099999999999994,0.06,0.06
S,P,-0.8,10.0,-1.0,23.70000000000001,0.06,-0.03
S,W,-0.09999999999999998,99.0,-1.0,138.8,0.02,-0.43
S,S,0.0,0.0,0.0,0.0,0.0,-4.52
T,K,-3.2,27.0,-2.0,52.5,0.02,0.02
T,Q,-2.8,27.0,0.0,27.70000000000001,0.01,-0.04
P,E,-1.9,32.0,2.0,25.70000000000001,0.02,-0.16
C,C,0.0,0.0,0.0,0.0,0.0,-4.53
N,K,-0.3999999999999999,14.0,-2.0,54.5,0.01,-0.11
N,R,-1.0,42.0,-2.0,59.30000000000001,0.02,-0.09
G,Q,-3.1,71.0,0.0,83.70000000000002,0.04,-0.31
G,G,0.0,0.0,0.0,0.0,0.0,-4.52
V,H,-7.4,38.0,-1.0,13.199999999999989,0.0,-0.09
V,K,-8.1,29.0,-1.0,28.599999999999994,0.05,0.14
V,L,-0.4000000000000004,14.0,0.0,26.699999999999992,0.06,-0.02
V,N,-7.7,15.0,1.0,-25.90000000000001,0.03,-0.06
V,Q,-7.7,29.0,1.0,3.8000000000000114,0.05,0.08
V,R,-8.7,57.0,-1.0,33.40000000000001,0.05,-0.06
E,K,-0.3999999999999999,-1.0,-3.0,30.199999999999992,0.06,-0.1
E,Q,0.0,-1.0,-1.0,5.400000000000006,0.03,-0.08
E,R,-1.0,27.0,-3.0,35.0,0.15,-0.12
E,T,2.8,-28.0,-1.0,-22.300000000000008,0.05,-0.03
F,F,0.0,0.0,0.0,0.0,0.0,-4.55
N,N,0.0,0.0,0.0,0.0,0.0,-4.54
C,C,0.0,0.0,0.0,0.0,0.0,-4.58
F,A,-0.9999999999999998,-76.0,0.0,-101.3,0.03,0.03
F,K,-6.6999999999999975,-19.0,-1.0,-21.30000000000001,0.09,-0.07
F,N,-6.3,-33.0,1.0,-75.80000000000003,0.02,0.03
F,R,-7.3,9.0,-1.0,-16.5,0.01,-0.05
F,S,-3.6,-60.0,1.0,-100.9,0.0,-0.1
F,Y,-4.1,16.0,1.0,3.6999999999999886,0.06,0.1
F,F,0.0,0.0,0.0,0.0,0.0,-4.44
L,I,0.7000000000000002,0.0,0.0,0.0,0.03,-0.36
Q,A,5.3,-57.0,-1.0,-55.20000000000002,0.13,0.06
Q,F,6.3,19.0,-1.0,46.1,0.06,-0.74
Q,G,3.1,-71.0,0.0,-83.70000000000002,0.01,-0.08
Q,K,-0.3999999999999999,0.0,-2.0,24.799999999999986,0.05,0.03
Q,L,7.3,-15.0,-1.0,22.899999999999977,0.05,-0.44
Q,M,5.4,3.0,-1.0,19.099999999999994,0.18,-0.07
Q,V,7.7,-29.0,-1.0,-3.8000000000000114,0.05,-0.1
Q,Y,2.2,35.0,0.0,49.79999999999998,0.12,-0.97
Q,Q,0.0,0.0,0.0,0.0,0.0,-4.54
S,A,2.6,-16.0,-1.0,-0.4000000000000057,0.03,0.01
S,H,-2.4000000000000004,50.0,-2.0,64.19999999999999,0.06,-0.17
S,K,-3.1,41.0,-2.0,79.6,0.05,-0.03
S,P,-0.8,10.0,-1.0,23.70000000000001,0.0,-0.02
S,R,-3.7,69.0,-2.0,84.4,0.05,-0.08
S,S,0.0,0.0,0.0,0.0,0.0,-3.6
G,G,0.0,0.0,0.0,0.0,0.0,-4.51
Q,F,6.3,19.0,-1.0,46.1,0.15,0.05
Q,H,0.2999999999999998,9.0,-2.0,9.399999999999975,0.3,0.16
Q,W,2.6,58.0,-1.0,84.0,0.07,-0.41
Q,Y,2.2,35.0,0.0,49.79999999999998,0.16,0.06
T,T,0.0,0.0,0.0,0.0,0.0,-4.5
N,F,6.3,33.0,-1.0,75.80000000000003,0.29,-0.1
N,H,0.2999999999999998,23.0,-2.0,39.1,0.0,-0.24
N,M,5.4,17.0,-1.0,48.80000000000001,0.0,0.33
N,T,2.8,-13.0,0.0,2.0,0.1,-0.25
N,V,7.7,-15.0,-1.0,25.90000000000001,0.15,-0.19
N,W,2.6,72.0,-1.0,113.70000000000002,0.11,0.1
N,Y,2.2,49.0,0.0,79.5,0.24,-0.14
N,N,0.0,0.0,0.0,0.0,0.0,-4.23
V,I,0.2999999999999998,14.0,0.0,26.699999999999992,0.05,-0.05
V,K,-8.1,29.0,-1.0,28.599999999999994,0.1,0.01
V,L,-0.4000000000000004,14.0,0.0,26.699999999999992,0.03,0.04
V,M,-2.3000000000000003,32.0,0.0,22.90000000000001,0.1,-0.12
V,R,-8.7,57.0,-1.0,33.40000000000001,0.01,-0.15
V,V,0.0,0.0,0.0,0.0,0.0,-4.56
Y,W,0.4,23.0,-1.0,34.20000000000002,0.13,-0.04
Y,Y,0.0,0.0,0.0,0.0,0.0,-4.61
Q,Q,0.0,0.0,0.0,0.0,0.0,-4.55
Y,F,4.1,-16.0,-1.0,-3.6999999999999886,0.02,-0.16
Y,H,-1.9,-26.0,-2.0,-40.40000000000001,0.07,0.14
R,R,0.0,0.0,0.0,0.0,0.0,-4.38
V,V,0.0,0.0,0.0,0.0,0.0,-4.61
V,V,0.0,0.0,0.0,0.0,0.0,-4.29
V,V,0.0,0.0,0.0,0.0,0.0,-3.35
L,L,0.0,0.0,0.0,0.0,0.0,-3.88
S,T,0.10000000000000007,14.0,0.0,27.099999999999994,0.01,0.12
F,F,0.0,0.0,0.0,0.0,0.0,-3.74
E,E,0.0,0.0,0.0,0.0,0.0,-4.13
L,K,-7.6999999999999975,15.0,-1.0,1.9000000000000057,0.04,0.04
L,M,-1.9,18.0,0.0,-3.799999999999984,0.13,0.09
L,R,-8.3,43.0,-1.0,6.700000000000018,0.06,-0.23
L,S,-4.6,-26.0,1.0,-77.69999999999997,0.0,-0.01
L,T,-4.5,-12.0,1.0,-50.6,0.0,0.06
L,L,0.0,0.0,0.0,0.0,0.0,-3.28
L,A,-2.0,-42.0,0.0,-78.1,0.04,-0.13
L,C,-1.2999999999999998,-10.0,1.0,-58.19999999999999,0.0,0.11
L,D,-7.3,2.0,2.0,-55.6,0.04,0.7
L,E,-7.3,16.0,2.0,-28.299999999999986,0.0,0.68
L,G,-4.2,-56.0,1.0,-106.6,0.0,-0.03
L,I,0.7000000000000002,0.0,0.0,0.0,0.0,-0.16
L,K,-7.6999999999999975,15.0,-1.0,1.9000000000000057,0.0,0.35
L,M,-1.9,18.0,0.0,-3.799999999999984,0.0,-0.08
L,N,-7.3,1.0,1.0,-52.6,0.03,0.13
L,Q,-7.3,15.0,1.0,-22.899999999999977,0.0,0.06
L,S,-4.6,-26.0,1.0,-77.69999999999997,0.09,0.29
L,T,-4.5,-12.0,1.0,-50.6,0.0,0.24
L,V,0.4000000000000004,-14.0,0.0,-26.699999999999992,0.01,-0.03
L,L,0.0,0.0,0.0,0.0,0.0,-3.56
H,A,5.0,-66.0,1.0,-64.6,0.02,-0.03
H,D,-0.2999999999999998,-22.0,3.0,-42.1,0.0,0.27
H,E,-0.2999999999999998,-8.0,3.0,-14.799999999999983,0.02,-2.87
H,G,2.8000000000000003,-80.0,2.0,-93.1,0.0,-0.19
H,H,0.0,0.0,0.0,0.0,0.0,0.0
H,N,-0.2999999999999998,-23.0,2.0,-39.1,0.05,0.22
H,P,1.6,-40.0,1.0,-40.49999999999999,0.02,0.07
H,Q,-0.2999999999999998,-9.0,2.0,-9.399999999999975,0.0,-0.05
H,S,2.4000000000000004,-50.0,2.0,-64.19999999999999,0.05,0.01
H,T,2.5,-36.0,2.0,-37.1,0.02,-0.01
H,V,7.4,-38.0,1.0,-13.199999999999989,0.01,-0.37
H,H,0.0,0.0,0.0,0.0,0.0,-2.88
A,E,-5.3,58.0,2.0,49.80000000000001,0.03,0.01
A,G,-2.2,-14.0,1.0,-28.5,0.05,0.29
A,H,-5.0,66.0,-1.0,64.6,0.01,-0.18
A,P,-3.4000000000000004,26.0,0.0,24.10000000000001,0.02,0.05
A,T,-2.5,30.0,1.0,27.5,0.0,-0.07
A,A,0.0,0.0,0.0,0.0,0.0,-3.39
P,D,-1.9,18.0,2.0,-1.6000000000000083,0.0,-0.09
P,E,-1.9,32.0,2.0,25.70000000000001,0.0,-1.37
P,G,1.2000000000000002,-40.0,1.0,-52.6,0.02,-0.17
P,H,-1.6,40.0,-1.0,40.49999999999999,0.0,-0.19
P,Q,-1.9,31.0,1.0,31.10000000000001,0.0,-1.12
P,S,0.8,-10.0,1.0,-23.70000000000001,0.04,-0.06
P,P,0.0,0.0,0.0,0.0,0.0,-3.01
A,F,0.9999999999999998,76.0,0.0,101.3,0.0,-0.65
A,G,-2.2,-14.0,1.0,-28.5,0.0,0.04
A,H,-5.0,66.0,-1.0,64.6,0.03,-0.17
A,K,-5.7,57.0,-1.0,80.0,0.01,0.03
A,M,0.09999999999999988,60.0,0.0,74.30000000000003,0.01,-0.03
A,N,-5.3,43.0,1.0,25.5,0.0,-0.33
A,P,-3.4000000000000004,26.0,0.0,24.10000000000001,0.04,-0.27
A,T,-2.5,30.0,1.0,27.5,0.02,-0.02
A,Y,-3.1,92.0,1.0,105.0,0.0,0.2
A,A,0.0,0.0,0.0,0.0,0.0,-3.46
T,C,3.2,2.0,0.0,-7.599999999999994,0.0,0.0
T,E,-2.8,28.0,1.0,22.300000000000008,0.0,0.0
T,F,3.5,46.0,-1.0,73.80000000000003,0.01,-0.3
T,H,-2.5,36.0,-2.0,37.1,0.0,-2.96
T,M,2.6,30.0,-1.0,46.80000000000001,0.0,-2.87
T,Q,-2.8,27.0,0.0,27.70000000000001,0.0,-2.88
T,R,-3.8,55.0,-2.0,57.30000000000001,0.0,-1.31
T,V,4.9,-2.0,-1.0,23.90000000000001,0.0,-0.09
T,W,-0.20000000000000007,85.0,-1.0,111.70000000000002,0.0,0.0
V,C,-1.7000000000000002,4.0,1.0,-31.5,0.0,0.0
V,F,-1.4000000000000004,48.0,0.0,49.90000000000001,0.0,0.0
V,H,-7.4,38.0,-1.0,13.199999999999989,0.0,0.0
V,K,-8.1,29.0,-1.0,28.599999999999994,0.0,0.0
V,M,-2.3000000000000003,32.0,0.0,22.90000000000001,0.0,0.0
V,N,-7.7,15.0,1.0,-25.90000000000001,0.0,0.0
V,Q,-7.7,29.0,1.0,3.8000000000000114,0.0,0.0
V,S,-5.0,-12.0,1.0,-51.0,0.0,0.0
V,V,0.0,0.0,0.0,0.0,0.0,-2.83
C,C,0.0,0.0,0.0,0.0,0.0,-4.55
G,H,-2.8000000000000003,80.0,-2.0,93.1,0.0,0.0
G,K,-3.5,71.0,-2.0,108.5,0.0,0.22
G,M,2.3,74.0,-1.0,102.8,0.02,-0.34
G,T,-0.29999999999999993,44.0,0.0,55.99999999999999,0.01,-0.15
G,G,0.0,0.0,0.0,0.0,0.0,-3.83
P,A,3.4000000000000004,-26.0,0.0,-24.10000000000001,0.02,0.25
P,C,4.1,6.0,1.0,-4.200000000000003,0.0,0.3
P,D,-1.9,18.0,2.0,-1.6000000000000083,0.01,0.19
P,E,-1.9,32.0,2.0,25.70000000000001,0.02,-0.05
P,F,4.4,50.0,0.0,77.2,0.02,0.01
P,G,1.2000000000000002,-40.0,1.0,-52.6,0.02,0.01
P,I,6.1,16.0,0.0,53.99999999999999,0.01,0.22
P,K,-2.3,31.0,-1.0,55.89999999999999,0.05,0.34
P,L,5.4,16.0,0.0,53.99999999999999,0.04,0.41
P,M,3.5,34.0,0.0,50.2,0.11,0.21
P,N,-1.9,17.0,1.0,1.3999999999999917,0.01,0.05
P,Q,-1.9,31.0,1.0,31.10000000000001,0.07,0.08
P,R,-2.9,59.0,-1.0,60.7,0.03,0.19
P,S,0.8,-10.0,1.0,-23.70000000000001,0.03,0.12
P,T,0.9000000000000001,4.0,1.0,3.3999999999999915,0.02,0.16
P,V,5.8000000000000025,2.0,0.0,27.3,0.04,0.16
P,Y,0.30000000000000004,66.0,1.0,80.89999999999998,0.03,0.09
K,D,0.3999999999999999,-13.0,3.0,-57.5,0.0,-0.2
K,F,6.6999999999999975,19.0,1.0,21.30000000000001,0.11,-0.22
K,G,3.5,-71.0,2.0,-108.5,0.0,0.14
K,L,7.6999999999999975,-15.0,1.0,-1.9000000000000057,0.0,-0.1
K,M,5.8,3.0,1.0,-5.699999999999987,0.01,0.0
K,N,0.3999999999999999,-14.0,2.0,-54.5,0.02,0.18
K,Q,0.3999999999999999,0.0,2.0,-24.799999999999986,0.0,0.04
K,V,8.1,-29.0,1.0,-28.599999999999994,0.01,-0.1
K,A,5.7,-57.0,1.0,-80.0,0.0,0.38
K,C,6.4,-25.0,2.0,-60.1,0.01,0.11
K,D,0.3999999999999999,-13.0,3.0,-57.5,0.03,0.0
K,F,6.6999999999999975,19.0,1.0,21.30000000000001,0.03,0.08
K,G,3.5,-71.0,2.0,-108.5,0.03,0.22
K,I,8.4,-15.0,1.0,-1.9000000000000057,0.01,0.05
K,M,5.8,3.0,1.0,-5.699999999999987,0.03,0.0
K,P,2.3,-31.0,1.0,-55.89999999999999,0.01,0.03
K,Q,0.3999999999999999,0.0,2.0,-24.799999999999986,0.02,0.03
K,S,3.1,-41.0,2.0,-79.6,0.01,0.13
K,V,8.1,-29.0,1.0,-28.599999999999994,0.07,-0.01
K,W,3.0,58.0,1.0,59.20000000000002,0.0,0.03
K,Y,2.6,35.0,2.0,25.0,0.0,0.07
S,A,2.6,-16.0,-1.0,-0.4000000000000057,0.0,0.17
S,E,-2.7,42.0,1.0,49.40000000000001,0.05,0.21
S,F,3.6,60.0,-1.0,100.9,0.04,-0.12
S,H,-2.4000000000000004,50.0,-2.0,64.19999999999999,0.0,-0.08
S,I,5.3,26.0,-1.0,77.69999999999997,0.02,0.1
S,L,4.6,26.0,-1.0,77.69999999999997,0.02,-0.06
S,M,2.7,44.0,-1.0,73.9,0.05,-0.08
S,N,-2.7,27.0,0.0,25.099999999999994,0.08,0.06
S,P,-0.8,10.0,-1.0,23.70000000000001,0.02,0.0
S,V,5.0,12.0,-1.0,51.0,0.01,0.01
S,Y,-0.5,76.0,0.0,104.6,0.02,-0.12
S,S,0.0,0.0,0.0,0.0,0.0,-4.54
T,A,2.5,-30.0,-1.0,-27.5,0.0,-0.02
T,E,-2.8,28.0,1.0,22.300000000000008,0.01,0.03
T,G,0.29999999999999993,-44.0,0.0,-55.99999999999999,0.01,0.08
T,H,-2.5,36.0,-2.0,37.1,0.02,0.01
T,L,4.5,12.0,-1.0,50.6,0.01,0.0
T,P,-0.9000000000000001,-4.0,-1.0,-3.3999999999999915,0.01,-0.02
T,S,-0.10000000000000007,-14.0,0.0,-27.099999999999994,0.01,0.02
T,V,4.9,-2.0,-1.0,23.90000000000001,0.01,-0.06
T,T,0.0,0.0,0.0,0.0,0.0,-4.55
